Min Plate Aspect Ratio	Max Plate Aspect Ratio	Time running	Best Time	Worst Time	Total pictures	Total tracks	Correct Images	Correct tracks
2	8	301.3297153	0.09481144	0.259307146	1080	36	0.332407407	0.777777778
2.5	8	272.8056736	0.089932203	0.214576006	1080	36	0.332407407	0.777777778
3	8	273.922585	0.086767912	0.205449104	1080	36	0.332407407	0.777777778
2	6	296.7375441	0.089784861	0.250344276	1080	36	0.324074074	0.777777778
2	6.5	298.4836533	0.095743895	0.233929634	1080	36	0.330555556	0.777777778
2	7	299.4170041	0.090149879	0.214022636	1080	36	0.332407407	0.777777778
2	7.5	300.4627335	0.090758801	0.260744333	1080	36	0.332407407	0.777777778
2	8.5	301.9587722	0.092417955	0.22140646	1080	36	0.332407407	0.777777778
2	9	302.1960502	0.094929218	0.228389025	1080	36	0.332407407	0.777777778
2	9.5	302.8329329	0.091275692	0.222545147	1080	36	0.332407407	0.777777778
2	10	304.2198527	0.089839458	0.25929141	1080	36	0.332407407	0.777777778
3.5	8	272.3509936	0.08779192	0.205474377	1080	36	0.332407407	0.777777778
4	8	272.064888	0.087330103	0.211443663	1080	36	0.332407407	0.777777778
4.5	8	274.3640058	0.091728926	0.215420485	1080	36	0.332407407	0.777777778
5	8	272.848263	0.089759827	0.226087809	1080	36	0.322222222	0.777777778
2.5	6	269.8707697	0.087790489	0.210508585	1080	36	0.324074074	0.777777778
2.5	6.5	271.0444717	0.092288971	0.216099977	1080	36	0.330555556	0.777777778
2.5	7	271.4484913	0.086768389	0.215424538	1080	36	0.332407407	0.777777778
2.5	7.5	272.6123896	0.087763786	0.229388237	1080	36	0.332407407	0.777777778
2.5	8.5	274.5359731	0.086767673	0.213438034	1080	36	0.332407407	0.777777778
2.5	9	275.4098282	0.088334084	0.214523792	1080	36	0.332407407	0.777777778
2.5	9.5	275.9861057	0.087782383	0.216427326	1080	36	0.332407407	0.777777778
2.5	10	276.3059859	0.087766171	0.214425802	1080	36	0.332407407	0.777777778
3	6	269.3407757	0.088145018	0.213428736	1080	36	0.324074074	0.777777778
3	6.5	270.5064409	0.087912798	0.217949629	1080	36	0.330555556	0.777777778
3	7	271.5284054	0.087765694	0.213428974	1080	36	0.332407407	0.777777778
3	7.5	273.0562959	0.090909004	0.220098734	1080	36	0.332407407	0.777777778
3	8.5	274.5018387	0.091727734	0.214454889	1080	36	0.332407407	0.777777778
3	9	275.1883197	0.087765694	0.209950447	1080	36	0.332407407	0.777777778
3	9.5	274.0694003	0.088352203	0.204052687	1080	36	0.332407407	0.777777778
3	10	275.2307932	0.087764978	0.204988718	1080	36	0.332407407	0.777777778
3.5	6	268.7698021	0.087274075	0.204510212	1080	36	0.324074074	0.777777778
3.5	6.5	270.3222256	0.091314793	0.213400602	1080	36	0.330555556	0.777777778
3.5	7	270.7370994	0.086741447	0.207511187	1080	36	0.332407407	0.777777778
3.5	7.5	271.6731331	0.087787867	0.21841526	1080	36	0.332407407	0.777777778
3.5	8.5	272.625752	0.090756178	0.217413425	1080	36	0.332407407	0.777777778
3.5	9	273.2714834	0.086742163	0.220439672	1080	36	0.332407407	0.777777778
3.5	9.5	273.9487176	0.086890459	0.215321779	1080	36	0.332407407	0.777777778
3.5	10	275.3464594	0.087738037	0.215643644	1080	36	0.332407407	0.777777778
4	6	268.8017132	0.090068817	0.214485168	1080	36	0.324074074	0.777777778
4	6.5	272.3436852	0.087788343	0.215858459	1080	36	0.330555556	0.777777778
4	7	270.5184951	0.086790323	0.233376503	1080	36	0.332407407	0.777777778
4	7.5	271.1478739	0.087797165	0.204426765	1080	36	0.332407407	0.777777778
4	8.5	272.9002242	0.087738752	0.209439993	1080	36	0.332407407	0.777777778
4	9	273.5931571	0.087760448	0.22043848	1080	36	0.332407407	0.777777778
4	9.5	284.2917142	0.092781544	0.223424673	1080	36	0.332407407	0.777777778
4	10	289.6477337	0.089795351	0.242013931	1080	36	0.332407407	0.777777778
4.5	6	272.0473502	0.089755297	0.22440052	1080	36	0.324074074	0.777777778
4.5	6.5	273.1192222	0.08876133	0.224689484	1080	36	0.330555556	0.777777778
4.5	7	272.8815749	0.088768482	0.206539631	1080	36	0.332407407	0.777777778
4.5	7.5	274.3216722	0.087793112	0.225399733	1080	36	0.332407407	0.777777778
4.5	8.5	277.5993931	0.088734865	0.21744585	1080	36	0.332407407	0.777777778
4.5	9	286.640147	0.09075737	0.236171246	1080	36	0.332407407	0.777777778
4.5	9.5	292.310565	0.091996908	0.236397505	1080	36	0.332407407	0.777777778
4.5	10	293.0273087	0.08921361	0.233906507	1080	36	0.332407407	0.777777778
5	6	277.3111846	0.092752934	0.223437309	1080	36	0.313888889	0.777777778
5	6.5	272.9923844	0.092757225	0.214023829	1080	36	0.32037037	0.777777778
5	7	272.58406	0.090785265	0.214432001	1080	36	0.322222222	0.777777778
5	7.5	272.637898	0.090788603	0.210464478	1080	36	0.322222222	0.777777778
5	8.5	273.0912366	0.086767912	0.215984344	1080	36	0.322222222	0.777777778
5	9	273.9206872	0.086767435	0.225397587	1080	36	0.322222222	0.777777778
5	9.5	273.7511296	0.090784073	0.212954283	1080	36	0.322222222	0.777777778
5	10	275.2651517	0.089130878	0.21143508	1080	36	0.322222222	0.777777778
5.5	8	471.9319441	0.107717037	0.390974522	1080	36	0.176851852	0.722222222
5.5	6.5	458.1591561	0.121182919	0.391987801	1080	36	0.175	0.722222222
5.5	7	471.9799147	0.122680902	0.373920441	1080	36	0.176851852	0.722222222
5.5	7.5	470.8599312	0.124687433	0.361112833	1080	36	0.176851852	0.722222222
5.5	8.5	474.6975987	0.115198374	0.404727936	1080	36	0.176851852	0.722222222
5.5	9	478.0093322	0.123179913	0.392915249	1080	36	0.176851852	0.722222222
5.5	9.5	465.7220125	0.103723049	0.35560298	1080	36	0.176851852	0.722222222
5.5	10	482.8881128	0.11768508	0.369013071	1080	36	0.176851852	0.722222222
5.5	6	267.9201694	0.089736938	0.213397741	1080	36	0.168518519	0.694444444
2	5.5	284.0224886	0.098824501	0.208450794	1080	36	0.184259259	0.611111111
2.5	5.5	285.0401552	0.088762045	0.185507298	1080	36	0.184259259	0.611111111
3	5.5	261.268157	0.090865374	0.190590382	1080	36	0.184259259	0.611111111
3.5	5.5	259.8496995	0.091752768	0.212443352	1080	36	0.184259259	0.611111111
4	5.5	259.326242	0.087768316	0.185502291	1080	36	0.184259259	0.611111111
4.5	5.5	258.5078588	0.09075737	0.182661772	1080	36	0.184259259	0.611111111
5	5.5	256.4518681	0.088762999	0.186783791	1080	36	0.176851852	0.611111111
2	5	202.6835032	0.080762863	0.178032637	1080	36	0.022222222	0.166666667
2.5	5	201.8315125	0.080780745	0.17652607	1080	36	0.022222222	0.166666667
3	5	201.2555985	0.079815388	0.178522348	1080	36	0.022222222	0.166666667
3.5	5	200.2644141	0.080783129	0.178107023	1080	36	0.022222222	0.166666667
4	5	199.4139891	0.080758095	0.167604208	1080	36	0.022222222	0.166666667
4.5	5	197.8512101	0.080762625	0.173512459	1080	36	0.022222222	0.166666667
6	8	473.2831016	0.129653692	0.374985218	1080	36	0.014814815	0.138888889
6	6.5	462.6375647	0.114694357	0.377034664	1080	36	0.012962963	0.138888889
6	7	466.5417073	0.111700535	0.318210125	1080	36	0.014814815	0.138888889
6	7.5	471.7918217	0.103725195	0.359122276	1080	36	0.014814815	0.138888889
6	8.5	459.3533943	0.11669302	0.304749012	1080	36	0.014814815	0.138888889
6	9	475.3593736	0.121700764	0.384000778	1080	36	0.014814815	0.138888889
6	9.5	473.3218527	0.116690159	0.331912518	1080	36	0.014814815	0.138888889
6	10	475.2795007	0.118560791	0.304891586	1080	36	0.014814815	0.138888889
6.5	8	278.3856232	0.089758158	0.196473837	1080	36	0.002777778	0.055555556
6.5	8.5	278.646178	0.093720675	0.201482534	1080	36	0.002777778	0.055555556
6.5	9	280.4644997	0.092756987	0.195643187	1080	36	0.002777778	0.055555556
6.5	9.5	279.0448985	0.090487242	0.190997601	1080	36	0.002777778	0.055555556
6.5	10	280.1542923	0.091754675	0.195956469	1080	36	0.003703704	0.055555556
6.5	7.5	246.7298596	0.102725267	0.206456661	1080	36	0.002777778	0.055555556
7	8	287.5210764	0.094746828	0.204473972	1080	36	0.000925926	0.027777778
7.5	8	582.8735013	0.162512541	0.441445827	1080	36	0.000925926	0.027777778
6.5	7	228.1678197	0.083750486	0.18550396	1080	36	0.000925926	0.027777778
7	8.5	283.7190709	0.090786695	0.203268528	1080	36	0.000925926	0.027777778
7	9	326.1545513	0.089787006	0.390549183	1080	36	0.000925926	0.027777778
7	9.5	591.5283294	0.143954039	0.510514259	1080	36	0.000925926	0.027777778
7	10	607.5513692	0.158202887	0.409490108	1080	36	0.001851852	0.027777778
7	7.5	230.9280226	0.105716705	0.156582594	1080	36	0.001851852	0.027777778
7.5	8.5	617.5638397	0.160695314	0.424161434	1080	36	0.000925926	0.027777778
7.5	9	569.9879355	0.117684841	0.395601749	1080	36	0.000925926	0.027777778
7.5	9.5	592.5118644	0.169264317	0.469374418	1080	36	0.000925926	0.027777778
7.5	10	586.6794648	0.159832239	0.439666986	1080	36	0.001851852	0.027777778
8	8.5	570.6230626	0.154638052	0.445458651	1080	36	0.000925926	0.027777778
8	9	572.5225241	0.139653683	0.261852026	1080	36	0.000925926	0.027777778
8	9.5	378.5901685	0.128813028	0.208974838	1080	36	0.000925926	0.027777778
8	10	284.578845	0.095743418	0.220946312	1080	36	0.001851852	0.027777778
8.5	10	280.9151394	0.092919588	0.197473049	1080	36	0.000925926	0.027777778
9	10	279.420907	0.094724417	0.225018024	1080	36	0.000925926	0.027777778
9.5	10	278.8022199	0.090781212	0.206924915	1080	36	0.000925926	0.027777778
2	2.5	99.9085269	0.069918156	0.085771084	1080	36	0	0
2	3	99.49079108	0.068324327	0.085843086	1080	36	0	0
2	3.5	100.4008555	0.070779085	0.084795952	1080	36	0	0
2	4	99.64201355	0.068820953	0.084798336	1080	36	0	0
2	4.5	100.2585599	0.070359707	0.084798336	1080	36	0	0
2.5	3	98.27688169	0.06781888	0.084356785	1080	36	0	0
2.5	3.5	98.23798943	0.068820477	0.084744453	1080	36	0	0
2.5	4	98.28642321	0.06881547	0.085238934	1080	36	0	0
2.5	4.5	98.44325137	0.068789721	0.0849967	1080	36	0	0
3	3.5	98.44338274	0.068986893	0.08479166	1080	36	0	0
3	4	98.46517944	0.067847729	0.083775759	1080	36	0	0
3	4.5	98.47649169	0.068842173	0.084794521	1080	36	0	0
3.5	4	98.36343765	0.068820953	0.084750414	1080	36	0	0
3.5	4.5	98.41978097	0.069789171	0.084773064	1080	36	0	0
4	4.5	98.27241445	0.068822622	0.084769011	1080	36	0	0
8.5	9	98.28689003	0.068370819	0.084773302	1080	36	0	0
8.5	9.5	98.40198731	0.067818642	0.089788198	1080	36	0	0
9	9.5	98.24563599	0.068843603	0.083797216	1080	36	0	0
